0.271741
0.274356
0.282279
0.295723
0.314946
0.340067
0.370736
0.405629
0.441841
0.474398
0.496267
0.499276
0.476362
0.424923
0.349661
0.262846
0.180414
0.114533
0.068723
0.0397927
0.0225426
0.0125816
0.00694039
0.00379208
0.00205892
0.00111774
0.000612742
0.000342441
0.000194416
0
0
0
0.000194416
0.000342441
0.000612742
0.00111774
0.00205892
0.00379208
0.00694039
0.0125816
0.0225426
0.0397927
0.068723
0.114533
0.180414
0.262846
0.349661
0.424923
0.476362
0.499276
0.496267
0.474398
0.441841
0.405629
0.370736
0.340067
0.314946
0.295723
0.282279
0.274356
