0.480483
0.48135
0.48386
0.487723
0.492436
0.497241
0.501089
0.502597
0.500031
0.491334
0.474263
0.446714
0.407311
0.356235
0.296024
0.231801
0.170287
0.117543
0.0767742
0.0479137
0.0288499
0.0169015
0.00970238
0.00549231
0.0030855
0.00173231
0.000978594
0.000556827
0.000316366
0
0
0
0.000316366
0.000556827
0.000978594
0.00173231
0.0030855
0.00549231
0.00970238
0.0169015
0.0288499
0.0479137
0.0767742
0.117543
0.170287
0.231801
0.296024
0.356235
0.407311
0.446714
0.474263
0.491334
0.500031
0.502597
0.501089
0.497241
0.492436
0.487723
0.48386
0.48135
